6482
6785
754
2878
9601
14404
16255
17473
20337
20516
21430
21488
22889
26348
27853
538
1831
2680
3199
4023
4364
4553
4629
4792
4979
5311
5858
6057
6445
8232
8428
8722
8781
8953
9327
9349
9366
9839
9905
9870
11149
11522
11539
11484
11623
11650
11861
12002
12211
12723
13867
14234
14177
14557
14809
15308
15628
15629
15651
15847
16208
16607
16792
16836
16988
17791
18217
18281
18429
18537
18539
19072
19108
19314
19501
20415
20623
21842
22195
22902
22975
23524
23734
24385
24451
24641
25132
25279
25576
25706
25700
25751
25878
25872
26343
26424
26693
26938
26975
27093
27110
27365
27839
27904
27909
27941
28270
28471
28656
28724
28934
29043
29126
29530
29842
29790
29933
130
980
2086
2448
2819
2946
3136
3181
3230
3233
3853
6380
6638
7004
7365
7469
7470
8050
9306
10204
10447
10877
10896
11288
11520
11777
11883
11919
12027
12873
12950
13128
13299
14659
15490
16272
16648
17181
19004
19330
19615
19755
19810
19920
20196
20853
21189
21253
21427
21753
21783
21815
21876
21948
22418
22483
22993
23234
23305
23837
25566
25714
26047
26123
26389
26395
26703
27066
27775
27842
28202
28853
29898
29953
29987
1865
